# File generated by CMD 2.7 (http://stev.oapd.inaf.it/cmd) on Sat Dec  5 17:04:00 CET 2015
# PARSEC isochrones, release v1.2S
# Basic references: Bressan et al. (2012), MNRAS, 427, 127 + Chen et al. (2014), MNRAS, 444, 2525 + Tang et al. (2014), MNRAS, 445, 4287 + Chen et al. (2015), MNRAS accepted
# Warning: the TP-AGB phase is not included! TP-AGB tracks are in preparation by Marigo et al.
# Photometric system: SDSS <i>ugriz</i>
# Using NBC version of bolometric corrections as in Chen et al. (2014), MNRAS, 444, 2525
# BCs of Carbon stars derive from Aringer et al. (2009, A&A 503, 913)
# O-rich circumstellar dust ignored
# C-rich circumstellar dust ignored
# IMF: Chabrier (2001) lognormal 
# On RGB, assumed Reimers mass loss with efficiency eta=0.2
# Kind of output: isochrone tables
#	Isochrone  Z = 0.00010	Y = 0.24900	[M/H] = -2.192	eta_R = 0.200	Age = 	1.2000e+10 yr
#      Z	log(age/yr)	M_ini   	M_act	logL/Lo	logTe	logG	mbol    u       g       r       i       z	int_IMF	stage
	0.000100	10.0792	0.10000000	0.1000	-2.7804	3.5588	5.4054	11.721	16.794	13.833	12.213	11.584	11.208	1.57040203	1
	0.000100	10.0792	0.10726259	0.1073	-2.6639	3.5707	5.3673	11.430	16.101	13.361	11.856	11.282	10.940	1.63883960	1
	0.000100	10.0792	0.12000000	0.1200	-2.4773	3.5899	5.3062	10.963	15.067	12.631	11.309	10.802	10.502	1.74782515	1
	0.000100	10.0792	0.14000000	0.1400	-2.2920	3.6039	5.2439	10.500	14.243	11.997	10.796	10.329	10.055	1.89584959	1
	0.000100	10.0792	0.15135908	0.1514	-2.2080	3.6090	5.2140	10.290	13.908	11.728	10.569	10.115	9.851	1.96939409	1
	0.000100	10.0792	0.16000000	0.1600	-2.1483	3.6126	5.1928	10.141	13.674	11.539	10.408	9.963	9.705	2.02115250	1
	0.000100	10.0792	0.20000000	0.2000	-1.9283	3.6244	5.1171	9.591	12.857	10.863	9.819	9.405	9.167	2.22178221	1
	0.000100	10.0792	0.25000000	0.2500	-1.7300	3.6350	5.0578	9.095	12.139	10.263	9.289	8.900	8.680	2.40809011	1
	0.000100	10.0792	0.30000001	0.3000	-1.5786	3.6436	5.0201	8.717	11.587	9.804	8.883	8.515	8.309	2.54750419	1
	0.000100	10.0792	0.34999999	0.3500	-1.4533	3.6516	4.9938	8.403	11.120	9.423	8.545	8.196	8.003	2.65552020	1
	0.000100	10.0792	0.40000001	0.4000	-1.3323	3.6596	4.9630	8.101	10.667	9.056	8.221	7.889	7.708	2.74133730	1
	0.000100	10.0792	0.44999999	0.4500	-1.1846	3.6731	4.9201	7.732	10.057	8.586	7.819	7.516	7.355	2.81098008	1
	0.000100	10.0792	0.50000000	0.4999	-1.0202	3.6877	4.8599	7.321	9.404	8.077	7.379	7.106	6.966	2.86847806	1
	0.000100	10.0792	0.55000001	0.5499	-0.8163	3.7071	4.7750	6.811	8.608	7.455	6.842	6.607	6.494	2.91663504	1
	0.000100	10.0792	0.60000002	0.5998	-0.6066	3.7320	4.7027	6.286	7.787	6.812	6.299	6.110	6.029	2.95739889	1
	0.000100	10.0792	0.60711247	0.6069	-0.5750	3.7362	4.6929	6.208	7.668	6.717	6.219	6.037	5.962	2.96269727	1
	0.000100	10.0792	0.61823237	0.6180	-0.5253	3.7427	4.6773	6.083	7.482	6.567	6.093	5.922	5.855	2.97075725	1
	0.000100	10.0792	0.62814373	0.6279	-0.4806	3.7485	4.6626	5.971	7.320	6.434	5.981	5.820	5.760	2.97772098	1
	0.000100	10.0792	0.63776845	0.6375	-0.4368	3.7541	4.6477	5.862	7.167	6.306	5.872	5.721	5.668	2.98429108	1
	0.000100	10.0792	0.64911073	0.6489	-0.3845	3.7606	4.6289	5.731	6.988	6.154	5.743	5.602	5.557	2.99179149	1
	0.000100	10.0792	0.64999998	0.6497	-0.3805	3.7611	4.6274	5.721	6.974	6.143	5.733	5.593	5.548	2.99236870	1
	0.000100	10.0792	0.65857422	0.6583	-0.3401	3.7657	4.6115	5.620	6.844	6.028	5.634	5.501	5.462	2.99785757	1
	0.000100	10.0792	0.66880959	0.6685	-0.2911	3.7713	4.5912	5.498	6.689	5.890	5.514	5.390	5.357	3.00423121	1
	0.000100	10.0792	0.67854553	0.6782	-0.2433	3.7764	4.5704	5.378	6.544	5.759	5.398	5.282	5.254	3.01012087	1
	0.000100	10.0792	0.68783975	0.6875	-0.1963	3.7813	4.5487	5.261	6.402	5.629	5.285	5.178	5.155	3.01559210	1
	0.000100	10.0792	0.69608760	0.6957	-0.1531	3.7856	4.5278	5.153	6.272	5.508	5.185	5.086	5.069	3.02032900	1
	0.000100	10.0792	0.69999999	0.6996	-0.1323	3.7876	4.5175	5.101	6.210	5.450	5.136	5.042	5.027	3.02253795	1
	0.000100	10.0792	0.70791566	0.7075	-0.0883	3.7915	4.4938	4.991	6.082	5.329	5.033	4.945	4.936	3.02693510	1
	0.000100	10.0792	0.71644825	0.7159	-0.0385	3.7956	4.4657	4.866	5.943	5.192	4.913	4.833	4.829	3.03156924	1
	0.000100	10.0792	0.72393781	0.7234	0.0075	3.7992	4.4385	4.751	5.816	5.066	4.802	4.729	4.729	3.03554964	1
	0.000100	10.0792	0.73290062	0.7323	0.0662	3.8033	4.4018	4.605	5.663	4.907	4.657	4.591	4.596	3.04020929	1
	0.000100	10.0792	0.73969877	0.7390	0.1140	3.8064	4.3702	4.485	5.539	4.778	4.538	4.477	4.486	3.04367042	1
	0.000100	10.0792	0.74790925	0.7472	0.1769	3.8099	4.3261	4.328	5.379	4.610	4.382	4.326	4.340	3.04776931	1
	0.000100	10.0792	0.75000000	0.7492	0.1935	3.8108	4.3142	4.286	5.337	4.566	4.340	4.286	4.301	3.04879928	1
	0.000100	10.0792	0.75127256	0.7505	0.2035	3.8114	4.3073	4.261	5.312	4.539	4.315	4.262	4.277	3.04942346	1
	0.000100	10.0792	0.75938821	0.7585	0.2757	3.8149	4.2539	4.081	5.132	4.346	4.134	4.088	4.107	3.05335593	1
	0.000100	10.0792	0.76477367	0.7638	0.3284	3.8169	4.2122	3.949	5.002	4.207	4.002	3.960	3.981	3.05592084	1
	0.000100	10.0792	0.76987982	0.7689	0.3810	3.8184	4.1684	3.817	4.873	4.069	3.870	3.830	3.854	3.05832052	1
	0.000100	10.0792	0.77405447	0.7730	0.4276	3.8189	4.1263	3.701	4.760	3.949	3.753	3.714	3.739	3.06025982	1
	0.000100	10.0792	0.77815568	0.7770	0.4805	3.8177	4.0709	3.569	4.634	3.816	3.618	3.579	3.602	3.06214523	1
	0.000100	10.0792	0.78157145	0.7803	0.5316	3.8146	4.0091	3.441	4.516	3.693	3.488	3.444	3.464	3.06370091	1
	0.000100	10.0792	0.78285325	0.7816	0.5528	3.8129	3.9817	3.388	4.468	3.644	3.434	3.387	3.405	3.06428123	2
	0.000100	10.0792	0.78395075	0.7826	0.5736	3.8103	3.9512	3.336	4.421	3.597	3.380	3.329	3.345	3.06477666	2
	0.000100	10.0792	0.78574401	0.7844	0.6113	3.8045	3.8913	3.242	4.343	3.515	3.283	3.224	3.232	3.06558347	2
	0.000100	10.0792	0.78714037	0.7857	0.6459	3.7973	3.8285	3.155	4.276	3.447	3.192	3.122	3.122	3.06620908	2
	0.000100	10.0792	0.78825790	0.7868	0.6780	3.7887	3.7627	3.075	4.222	3.393	3.106	3.021	3.011	3.06670833	2
	0.000100	10.0792	0.78918177	0.7877	0.7081	3.7792	3.6951	3.000	4.179	3.351	3.024	2.922	2.900	3.06711984	2
	0.000100	10.0792	0.78998160	0.7884	0.7376	3.7701	3.6297	2.926	4.143	3.303	2.947	2.831	2.798	3.06747556	2
	0.000100	10.0792	0.79069585	0.7891	0.7688	3.7617	3.5652	2.848	4.106	3.250	2.869	2.740	2.698	3.06779265	2
	0.000100	10.0792	0.79126459	0.7896	0.8008	3.7554	3.5082	2.768	4.062	3.190	2.790	2.650	2.601	3.06804466	2
	0.000100	10.0792	0.79183620	0.7901	0.8412	3.7499	3.4461	2.667	3.996	3.107	2.689	2.542	2.485	3.06829739	2
	0.000100	10.0792	0.79230195	0.7905	0.8812	3.7463	3.3918	2.567	3.922	3.020	2.590	2.436	2.376	3.06850338	2
	0.000100	10.0792	0.79254711	0.7907	0.9040	3.7446	3.3623	2.510	3.877	2.969	2.534	2.377	2.314	3.06861162	3
	0.000100	10.0792	0.79284233	0.7910	0.9343	3.7430	3.3257	2.434	3.813	2.899	2.459	2.299	2.235	3.06874180	3
	0.000100	10.0792	0.79322940	0.7913	0.9757	3.7409	3.2763	2.331	3.725	2.803	2.356	2.193	2.126	3.06891251	3
	0.000100	10.0792	0.79361933	0.7917	1.0197	3.7390	3.2248	2.221	3.630	2.700	2.247	2.081	2.011	3.06908417	3
	0.000100	10.0792	0.79399282	0.7920	1.0644	3.7374	3.1737	2.109	3.532	2.594	2.137	1.968	1.896	3.06924868	3
	0.000100	10.0792	0.79438972	0.7923	1.1151	3.7356	3.1162	1.982	3.420	2.474	2.011	1.840	1.765	3.06942296	3
	0.000100	10.0792	0.79472280	0.7925	1.1605	3.7341	3.0649	1.869	3.319	2.366	1.899	1.725	1.648	3.06956935	3
	0.000100	10.0792	0.79505974	0.7927	1.2104	3.7326	3.0091	1.744	3.207	2.247	1.776	1.599	1.521	3.06971717	3
	0.000100	10.0792	0.79539031	0.7929	1.2636	3.7309	2.9494	1.611	3.088	2.120	1.644	1.465	1.384	3.06986213	3
	0.000100	10.0792	0.79565710	0.7930	1.3104	3.7295	2.8967	1.494	2.985	2.008	1.527	1.346	1.264	3.06997919	3
	0.000100	10.0792	0.79591447	0.7931	1.3595	3.7280	2.8418	1.371	2.877	1.891	1.406	1.222	1.138	3.07009172	3
	0.000100	10.0792	0.79614562	0.7932	1.4076	3.7265	2.7878	1.251	2.772	1.776	1.287	1.101	1.015	3.07019281	3
	0.000100	10.0792	0.79635513	0.7933	1.4552	3.7250	2.7340	1.132	2.667	1.663	1.169	0.981	0.892	3.07028461	3
	0.000100	10.0792	0.79654253	0.7933	1.5020	3.7235	2.6813	1.015	2.564	1.552	1.053	0.863	0.773	3.07036638	3
	0.000100	10.0792	0.79671991	0.7932	1.5505	3.7219	2.6266	0.894	2.457	1.437	0.934	0.740	0.649	3.07044387	3
	0.000100	10.0792	0.79687738	0.7932	1.5976	3.7203	2.5730	0.776	2.354	1.325	0.817	0.621	0.528	3.07051277	3
	0.000100	10.0792	0.79701734	0.7931	1.6433	3.7188	2.5211	0.662	2.254	1.217	0.705	0.506	0.411	3.07057381	3
	0.000100	10.0792	0.79714411	0.7930	1.6884	3.7173	2.4700	0.549	2.159	1.112	0.593	0.392	0.295	3.07062912	3
	0.000100	10.0792	0.79726297	0.7928	1.7344	3.7157	2.4174	0.434	2.065	1.004	0.480	0.276	0.176	3.07068086	3
	0.000100	10.0792	0.79736793	0.7926	1.7788	3.7141	2.3665	0.323	1.974	0.900	0.370	0.163	0.061	3.07072663	3
	0.000100	10.0792	0.79746491	0.7924	1.8234	3.7125	2.3157	0.212	1.882	0.796	0.260	0.050	-0.054	3.07076907	3
	0.000100	10.0792	0.79755396	0.7922	1.8677	3.7109	2.2649	0.101	1.792	0.693	0.150	-0.062	-0.168	3.07080793	3
	0.000100	10.0792	0.79763305	0.7919	1.9102	3.7093	2.2158	-0.005	1.706	0.595	0.046	-0.169	-0.278	3.07084227	3
	0.000100	10.0792	0.79770613	0.7916	1.9527	3.7078	2.1670	-0.112	1.621	0.497	-0.059	-0.277	-0.387	3.07087421	3
	0.000100	10.0792	0.79777634	0.7913	1.9969	3.7062	2.1161	-0.222	1.533	0.395	-0.167	-0.388	-0.501	3.07090473	3
	0.000100	10.0792	0.79783648	0.7909	2.0379	3.7045	2.0684	-0.325	1.453	0.301	-0.268	-0.492	-0.606	3.07093096	3
	0.000100	10.0792	0.79789203	0.7906	2.0787	3.7030	2.0213	-0.427	1.371	0.208	-0.368	-0.594	-0.711	3.07095504	3
	0.000100	10.0792	0.79794520	0.7901	2.1210	3.7014	1.9725	-0.533	1.289	0.111	-0.472	-0.701	-0.820	3.07097840	3
	0.000100	10.0792	0.79799151	0.7897	2.1610	3.6998	1.9255	-0.632	1.215	0.021	-0.570	-0.802	-0.924	3.07099843	3
	0.000100	10.0792	0.79803497	0.7892	2.2005	3.6982	1.8796	-0.731	1.143	-0.069	-0.667	-0.902	-1.026	3.07101727	3
	0.000100	10.0792	0.79808015	0.7886	2.2406	3.6967	1.8329	-0.832	1.069	-0.159	-0.765	-1.004	-1.129	3.07103705	3
	0.000100	10.0792	0.79813021	0.7878	2.2684	3.6956	1.8004	-0.901	1.017	-0.222	-0.833	-1.074	-1.201	3.07105875	3
	0.000100	10.0792	0.79815358	0.7874	2.2630	3.6960	1.8074	-0.887	1.025	-0.211	-0.820	-1.060	-1.186	3.07106900	3
	0.000100	10.0792	0.79816085	0.7873	2.2713	3.6957	1.7975	-0.908	1.010	-0.230	-0.840	-1.081	-1.208	3.07107210	3
	0.000100	10.0792	0.79819423	0.7867	2.3128	3.6939	1.7486	-1.012	0.935	-0.322	-0.942	-1.186	-1.315	3.07108665	3
	0.000100	10.0792	0.79822701	0.7860	2.3560	3.6923	1.6985	-1.120	0.856	-0.420	-1.047	-1.295	-1.427	3.07110095	3
	0.000100	10.0792	0.79825610	0.7853	2.3967	3.6904	1.6501	-1.222	0.785	-0.509	-1.146	-1.397	-1.532	3.07111359	3
	0.000100	10.0792	0.79828346	0.7846	2.4377	3.6886	1.6015	-1.324	0.715	-0.599	-1.245	-1.500	-1.638	3.07112551	3
	0.000100	10.0792	0.79830998	0.7837	2.4806	3.6869	1.5511	-1.432	0.641	-0.694	-1.349	-1.608	-1.748	3.07113695	3
	0.000100	10.0792	0.79833239	0.7828	2.5194	3.6851	1.5046	-1.528	0.578	-0.777	-1.443	-1.705	-1.848	3.07114673	3
	0.000100	10.0792	0.79835427	0.7818	2.5600	3.6833	1.4564	-1.630	0.512	-0.865	-1.541	-1.807	-1.953	3.07115626	3
	0.000100	10.0792	0.79837519	0.7807	2.6014	3.6815	1.4070	-1.734	0.445	-0.954	-1.641	-1.911	-2.060	3.07116532	3
	0.000100	10.0792	0.79839736	0.7793	2.6485	3.6793	1.3502	-1.851	0.373	-1.053	-1.753	-2.029	-2.182	3.07117510	3
	0.000100	10.0792	0.79841518	0.7780	2.6897	3.6776	1.3015	-1.954	0.308	-1.142	-1.852	-2.132	-2.287	3.07118273	3
	0.000100	10.0792	0.79843062	0.7767	2.7280	3.6757	1.2549	-2.050	0.254	-1.221	-1.943	-2.228	-2.386	3.07118940	3
	0.000100	10.0792	0.79844844	0.7749	2.7750	3.6734	1.1979	-2.167	0.186	-1.318	-2.055	-2.345	-2.507	3.07119727	3
	0.000100	10.0792	0.79846239	0.7732	2.8148	3.6716	1.1497	-2.267	0.128	-1.401	-2.149	-2.445	-2.609	3.07120323	3
	0.000100	10.0792	0.79847652	0.7713	2.8579	3.6693	1.0967	-2.375	0.071	-1.488	-2.251	-2.552	-2.720	3.07120943	3
	0.000100	10.0792	0.79848886	0.7693	2.8981	3.6675	1.0478	-2.475	0.017	-1.570	-2.345	-2.651	-2.823	3.07121491	3
	0.000100	10.0792	0.79850107	0.7670	2.9409	3.6653	0.9949	-2.582	-0.034	-1.655	-2.445	-2.757	-2.933	3.07122016	3
	0.000100	10.0792	0.79851109	0.7648	2.9782	3.6633	0.9486	-2.676	-0.056	-1.725	-2.534	-2.852	-3.030	3.07122445	3
	0.000100	10.0792	0.79852211	0.7619	3.0220	3.6611	0.8944	-2.785	-0.082	-1.807	-2.637	-2.963	-3.146	3.07122922	3
	0.000100	10.0792	0.79853255	0.7588	3.0663	3.6588	0.8388	-2.896	-0.101	-1.887	-2.741	-3.074	-3.262	3.07123375	3
	0.000100	10.0792	0.79854184	0.7554	3.1086	3.6566	0.7859	-3.001	-0.117	-1.962	-2.839	-3.180	-3.372	3.07123780	3
	0.000100	10.0792	0.79855067	0.7517	3.1510	3.6542	0.7319	-3.108	-0.127	-2.035	-2.937	-3.286	-3.483	3.07124162	3
	0.000100	10.0792	0.79855877	0.7477	3.1923	3.6520	0.6795	-3.211	-0.137	-2.106	-3.032	-3.390	-3.591	3.07124519	3
	0.000100	10.0792	0.79856640	0.7434	3.2315	3.6498	0.6290	-3.309	-0.141	-2.171	-3.122	-3.488	-3.693	3.07124853	3
	0.000100	10.0792	0.79856974	0.7413	3.2473	3.6490	0.6085	-3.348	-0.142	-2.196	-3.158	-3.528	-3.734	3.07124996	4
	0.000100	10.0792	0.79856974	0.7412	1.6581	3.9473	3.3912	0.625	1.721	0.614	0.830	1.022	1.148	3.07124996	4
	0.000100	10.0792	0.79857200	0.7412	1.6768	3.9365	3.3291	0.578	1.682	0.545	0.744	0.926	1.044	3.07125092	4
	0.000100	10.0792	0.79861957	0.7412	1.6858	3.9326	3.3046	0.556	1.663	0.516	0.709	0.886	1.002	3.07127166	4
	0.000100	10.0792	0.79866505	0.7412	1.6856	3.9330	3.3063	0.556	1.663	0.517	0.710	0.888	1.004	3.07129145	4
	0.000100	10.0792	0.79871130	0.7412	1.6856	3.9332	3.3072	0.556	1.663	0.518	0.711	0.889	1.005	3.07131147	4
	0.000100	10.0792	0.79875833	0.7412	1.6856	3.9332	3.3074	0.556	1.663	0.518	0.711	0.889	1.005	3.07133198	4
	0.000100	10.0792	0.79880595	0.7412	1.6857	3.9330	3.3062	0.556	1.662	0.517	0.710	0.888	1.004	3.07135272	4
	0.000100	10.0792	0.79885405	0.7412	1.6861	3.9324	3.3036	0.555	1.662	0.515	0.707	0.885	1.000	3.07137346	4
	0.000100	10.0792	0.79890215	0.7413	1.6866	3.9315	3.2994	0.554	1.661	0.512	0.703	0.879	0.994	3.07139444	4
	0.000100	10.0792	0.79895031	0.7413	1.6873	3.9303	3.2940	0.552	1.661	0.509	0.697	0.872	0.986	3.07141542	4
	0.000100	10.0792	0.79899985	0.7413	1.6884	3.9285	3.2857	0.549	1.659	0.504	0.689	0.862	0.975	3.07143688	4
	0.000100	10.0792	0.79904503	0.7413	1.6897	3.9266	3.2765	0.546	1.657	0.499	0.680	0.850	0.962	3.07145643	4
	0.000100	10.0792	0.79909164	0.7413	1.6915	3.9240	3.2643	0.541	1.655	0.492	0.668	0.835	0.945	3.07147670	4
	0.000100	10.0792	0.79913634	0.7413	1.6934	3.9212	3.2513	0.536	1.652	0.484	0.655	0.818	0.926	3.07149625	4
	0.000100	10.0792	0.79916984	0.7413	1.6951	3.9187	3.2395	0.532	1.650	0.479	0.644	0.804	0.910	3.07151079	4
	0.000100	10.0792	0.79918498	0.7413	1.6960	3.9174	3.2337	0.530	1.648	0.476	0.639	0.797	0.902	3.07151723	4
	0.000100	10.0792	0.79923052	0.7413	1.6987	3.9134	3.2151	0.523	1.644	0.468	0.621	0.774	0.877	3.07153702	4
	0.000100	10.0792	0.79927415	0.7413	1.7016	3.9092	3.1950	0.516	1.640	0.460	0.603	0.750	0.850	3.07155585	4
	0.000100	10.0792	0.79931861	0.7413	1.7049	3.9044	3.1727	0.508	1.635	0.454	0.584	0.724	0.820	3.07157516	4
	0.000100	10.0792	0.79936445	0.7413	1.7088	3.8987	3.1459	0.498	1.630	0.447	0.561	0.692	0.785	3.07159519	4
	0.000100	10.0792	0.79941118	0.7413	1.7130	3.8926	3.1172	0.487	1.623	0.442	0.539	0.660	0.748	3.07161546	4
	0.000100	10.0792	0.79945523	0.7413	1.7175	3.8860	3.0867	0.476	1.616	0.441	0.516	0.626	0.710	3.07163453	4
	0.000100	10.0792	0.79949868	0.7413	1.7222	3.8793	3.0551	0.465	1.609	0.442	0.495	0.593	0.672	3.07165337	4
	0.000100	10.0792	0.79954505	0.7413	1.7271	3.8723	3.0223	0.452	1.601	0.445	0.474	0.560	0.634	3.07167339	4
	0.000100	10.0792	0.79959065	0.7413	1.7323	3.8648	2.9868	0.439	1.593	0.449	0.453	0.525	0.593	3.07169318	4
	0.000100	10.0792	0.79963666	0.7413	1.7378	3.8569	2.9499	0.426	1.584	0.456	0.434	0.491	0.551	3.07171321	4
	0.000100	10.0792	0.79968172	0.7413	1.7437	3.8484	2.9099	0.411	1.574	0.464	0.415	0.455	0.508	3.07173276	4
	0.000100	10.0792	0.79972905	0.7413	1.7502	3.8392	2.8667	0.395	1.565	0.474	0.395	0.418	0.463	3.07175326	4
	0.000100	10.0792	0.79977369	0.7412	1.7564	3.8304	2.8252	0.379	1.557	0.484	0.377	0.383	0.419	3.07177258	4
	0.000100	10.0792	0.79981804	0.7412	1.7629	3.8217	2.7839	0.363	1.553	0.495	0.359	0.349	0.377	3.07179189	4
	0.000100	10.0792	0.79986316	0.7412	1.7696	3.8130	2.7422	0.346	1.549	0.506	0.342	0.316	0.334	3.07181144	4
	0.000100	10.0792	0.79990840	0.7411	1.7767	3.8044	2.7007	0.328	1.546	0.517	0.324	0.283	0.291	3.07183099	4
	0.000100	10.0792	0.79995608	0.7411	1.7861	3.7944	2.6512	0.305	1.541	0.532	0.302	0.242	0.240	3.07185149	4
	0.000100	10.0792	0.80000454	0.7410	1.7974	3.7850	2.6024	0.277	1.528	0.549	0.278	0.201	0.187	3.07187271	4
	0.000100	10.0792	0.80003667	0.7410	1.8085	3.7777	2.5620	0.249	1.517	0.555	0.255	0.163	0.141	3.07188654	4
	0.000100	10.0792	0.80005860	0.7409	1.8215	3.7713	2.5233	0.216	1.511	0.546	0.225	0.121	0.092	3.07189608	4
	0.000100	10.0792	0.80007696	0.7409	1.8355	3.7652	2.4851	0.181	1.500	0.534	0.192	0.078	0.041	3.07190394	4
	0.000100	10.0792	0.80009079	0.7409	1.8553	3.7582	2.4372	0.132	1.481	0.511	0.145	0.019	-0.027	3.07190990	4
	0.000100	10.0792	0.80010068	0.7409	1.8778	3.7513	2.3870	0.076	1.459	0.481	0.092	-0.046	-0.100	3.07191420	4
	0.000100	10.0792	0.80010653	0.7408	1.9027	3.7446	2.3354	0.013	1.436	0.445	0.033	-0.116	-0.178	3.07191682	4
	0.000100	10.0792	0.80010974	0.7408	1.9293	3.7385	2.2844	-0.053	1.409	0.403	-0.029	-0.189	-0.259	3.07191825	4
	0.000100	10.0792	0.80011165	0.7408	1.9594	3.7328	2.2316	-0.128	1.379	0.353	-0.101	-0.272	-0.349	3.07191896	4
	0.000100	10.0792	0.80011255	0.7408	1.9652	3.7319	2.2219	-0.143	1.372	0.342	-0.115	-0.287	-0.366	3.07191944	4
	0.000100	10.0792	0.80011255	0.7408	1.9840	3.7292	2.1925	-0.190	1.347	0.307	-0.160	-0.337	-0.419	3.07191944	7
	0.000100	10.0792	0.80011284	0.7408	1.9930	3.7281	2.1789	-0.213	1.335	0.290	-0.182	-0.361	-0.444	3.07191944	7
	0.000100	10.0792	0.80011368	0.7408	2.0307	3.7241	2.1254	-0.307	1.277	0.214	-0.273	-0.459	-0.547	3.07191992	7
	0.000100	10.0792	0.80011451	0.7408	2.0716	3.7204	2.0697	-0.409	1.209	0.129	-0.372	-0.564	-0.658	3.07192016	7
	0.000100	10.0792	0.80011529	0.7408	2.1116	3.7172	2.0167	-0.509	1.144	0.045	-0.469	-0.667	-0.765	3.07192063	7
	0.000100	10.0792	0.80011618	0.7408	2.1524	3.7142	1.9641	-0.611	1.078	-0.042	-0.568	-0.772	-0.874	3.07192087	7
	0.000100	10.0792	0.80011827	0.7408	2.1807	3.7125	1.9288	-0.682	1.029	-0.104	-0.637	-0.845	-0.949	3.07192183	7
	0.000100	10.0792	0.80012041	0.7408	2.1508	3.7147	1.9676	-0.607	1.077	-0.040	-0.564	-0.768	-0.869	3.07192278	7
	0.000100	10.0792	0.80014199	0.7405	2.1516	3.7140	1.9641	-0.609	1.081	-0.039	-0.566	-0.770	-0.872	3.07193208	7
	0.000100	10.0792	0.80015481	0.7404	2.1891	3.7112	1.9152	-0.703	1.022	-0.118	-0.657	-0.867	-0.973	3.07193756	7
	0.000100	10.0792	0.80017322	0.7401	2.2365	3.7081	1.8550	-0.821	0.946	-0.219	-0.772	-0.988	-1.098	3.07194567	7
	0.000100	10.0792	0.80018979	0.7399	2.2774	3.7055	1.8038	-0.923	0.879	-0.306	-0.871	-1.092	-1.206	3.07195282	7
	0.000100	10.0792	0.80020487	0.7396	2.3185	3.7031	1.7527	-1.026	0.811	-0.395	-0.971	-1.197	-1.314	3.07195926	7
	0.000100	10.0792	0.80021834	0.7393	2.3596	3.7007	1.7019	-1.129	0.742	-0.484	-1.071	-1.301	-1.421	3.07196522	7
	0.000100	10.0792	0.80023032	0.7390	2.4012	3.6983	1.6508	-1.233	0.675	-0.573	-1.172	-1.406	-1.530	3.07197046	7
	0.000100	10.0792	0.80024087	0.7387	2.4427	3.6960	1.5998	-1.337	0.608	-0.662	-1.272	-1.511	-1.638	3.07197499	7
	0.000100	10.0792	0.80025023	0.7383	2.4839	3.6938	1.5494	-1.440	0.541	-0.750	-1.371	-1.615	-1.746	3.07197905	7
	0.000100	10.0792	0.80025876	0.7380	2.5251	3.6915	1.4991	-1.543	0.473	-0.838	-1.471	-1.719	-1.853	3.07198262	7
	0.000100	10.0792	0.80026650	0.7376	2.5662	3.6893	1.4488	-1.646	0.410	-0.925	-1.570	-1.823	-1.960	3.07198596	7
	0.000100	10.0792	0.80027366	0.7372	2.6069	3.6871	1.3991	-1.747	0.350	-1.010	-1.667	-1.926	-2.066	3.07198906	7
	0.000100	10.0792	0.80028039	0.7367	2.6481	3.6849	1.3488	-1.850	0.290	-1.095	-1.765	-2.029	-2.173	3.07199192	7
	0.000100	10.0792	0.80028671	0.7363	2.6886	3.6827	1.2991	-1.952	0.231	-1.179	-1.862	-2.131	-2.278	3.07199478	7
	0.000100	10.0792	0.80029285	0.7357	2.7295	3.6805	1.2491	-2.054	0.172	-1.263	-1.960	-2.233	-2.384	3.07199740	7
	0.000100	10.0792	0.80029863	0.7351	2.7706	3.6782	1.1987	-2.157	0.117	-1.347	-2.057	-2.336	-2.490	3.07200003	7
	0.000100	10.0792	0.80030411	0.7344	2.8134	3.6759	1.1461	-2.263	0.060	-1.433	-2.158	-2.443	-2.601	3.07200241	7
	0.000100	10.0792	0.80030870	0.7337	2.8561	3.6735	1.0934	-2.370	0.005	-1.519	-2.258	-2.549	-2.711	3.07200432	7
	0.000100	10.0792	0.80031258	0.7331	2.8983	3.6711	1.0413	-2.476	-0.048	-1.603	-2.357	-2.655	-2.820	3.07200599	7
	0.000100	10.0792	0.80031586	0.7324	2.9391	3.6688	0.9908	-2.578	-0.092	-1.682	-2.452	-2.756	-2.925	3.07200742	7
	0.000100	10.0792	0.80031902	0.7317	2.9784	3.6665	0.9418	-2.676	-0.112	-1.754	-2.545	-2.855	-3.029	3.07200885	7
	0.000100	10.0792	0.80032218	0.7308	3.0218	3.6639	0.8878	-2.784	-0.132	-1.832	-2.646	-2.965	-3.143	3.07201004	7
	0.000100	10.0792	0.80032516	0.7299	3.0705	3.6611	0.8272	-2.906	-0.151	-1.919	-2.760	-3.088	-3.271	3.07201147	7
	0.000100	10.0792	0.80032587	0.7296	3.1266	3.6575	0.7566	-3.046	-0.160	-2.013	-2.888	-3.228	-3.419	3.07201171	7
	0.000100	10.0792	0.80032599	0.7296	3.1645	3.6551	0.7091	-3.141	-0.163	-2.075	-2.974	-3.323	-3.518	3.07201171	7
	0.000100	10.0792	0.80032623	0.7295	3.1989	3.6529	0.6657	-3.227	-0.162	-2.129	-3.052	-3.408	-3.608	3.07201195	7
	0.000100	10.0792	0.80032665	0.7292	3.2372	3.6504	0.6171	-3.323	-0.158	-2.189	-3.138	-3.504	-3.708	3.07201195	7
	0.000100	10.0792	0.80032700	0.7290	3.2592	3.6489	0.5890	-3.378	-0.153	-2.222	-3.187	-3.558	-3.766	3.07201219	7
	0.000100	10.0792	0.80032718	0.7288	3.2618	3.6487	0.5856	-3.385	-0.152	-2.225	-3.193	-3.565	-3.772	3.07201219	8
